10 1 10 50.000 20
126.151 34.601 1060.223
138.772 77.665 905.867
138.288 118.801 977.935
147.091 121.746 953.202
107.715 15.676 1004.431
25.642 61.355 1030.776
130.201 13.423 1093.220
145.646 110.927 977.777
99.627 66.029 988.851
175.907 162.932 961.739
0.000 94.996 9426.568 
57.783 0.000 10468.801 
200.000 0.336 10097.538 
153.821 200.000 8719.844 
0.000 118.174 10780.915 
25.287 0.000 10023.705 
200.000 53.095 9489.664 
113.311 200.000 9307.889 
0.000 86.619 10079.743 
193.171 0.000 10027.352 
0.000 50.000
